4553
3546
7958
2251
7625
9462
6621
8601
3773
2798
3713
3930
5504
9513
5801
498
4591
6765
6781
2485
1622
5382
1011
7358
1459
3051
9500
1273
9
5799
2170
2069
8371
5911
2247
9851
7820
8113
4655
2507
3271
6379
9587
8711
9660
848
2738
7075
64
3962
7879
4106
3055
367
1483
9605
2482
8872
6955
1308
4609
2434
363
4311
8535
397
1042
6011
7005
3173
4964
384
2316
925
7113
2458
1368
9773
1217
9134
5636
1672
9631
845
1837
4321
9614
641
7590
6181
692
7042
3387
8220
3394
7972
3019
2854
9865
603
7789
2563
5010
3907
9271
5559
4244
8417
2026
514
6521
8941
7149
4452
4169
7456
5467
4754
1828
1618
8523
1159
6923
6093
7144
6818
3435
9784
7575
1325
7498
6323
1303
773
5652
2121
6552
9281
667
7892
4616
1403
8040
5209
2590
353
9793
5543
4269
6984
9099
5786
3532
4226
8152
8413
9257
3114
8860
4039
2621
2934
4284
8876
3010
3600
5546
8762
6479
2253
3256
4116
8655
6414
7537
1457
5434
9294
7711
516
4528
1962
7614
3238
5855
5061
261
1100
6763
7610
4645
9789
320
3641
9717
9649
3142
2642
6936
3790
6398
8958
6358
2471
5610
273
4134
8913
7555
9074
9601
4643
9618
403
1295
3128
4614
7976
6947
9952
8799
332
293
9962
2575
3760
442
4426
3388
8255
6770
6894
2168
9810
6760
9677
3049
4584
9875
1323
5714
2681
3914
7154
9809
9240
5018
4225
3099
2530
586
3438
8699
4808
8080
5579
56
8224
2393
7349
6542
515
3358
1361
2691
1156
7006
7540
5431
1240
4583
4498
6529
6688
3152
9214
3871
4354
2418
7616
9147
4431
1203
1387
6746
6071
6694
1135
4574
5655
3001
3646
6771
280
5223
1244
9270
9405
4332
5492
8600
7092
4991
6789
5067
521
9796
2491
5861
1702
951
8443
6710
6902
9650
4274
9995
6563
4700
8701
341
3363
3897
1923
3373
479
1648
9428
4667
3443
8106
4042
2731
8537
8920
4469
8372
3002
5776
5459
5587
9732
8780
6491
6149
7608
5813
2269
21
2279
6344
7983
6844
5659
1829
8824
24
7098
9469
34
7574
3986
1227
716
6266
3843
129
9635
1241
5198
8866
7216
637
879
8736
8833
8344
2347
7120
4846
9776
6927
4110
3452
8141
3845
3892
191
6353
7939
3150
7677
1978
4227
1543
6247
6660
440
1381
8227
7889
6415
6397
7938
5154
5221
8233
5060
3326
2381
892
2120
9763
5879
8295
8008
6911
4143
2147
7460
218
4942
7750
1504
7441
7754
5552
1598
8281
1920
8785
238
43
2216
6383
8123
8930
3534
3838
4945
4461
3861
2124
4088
3554
7941
4171
4279
8197
5551
3310
3644
6384
9610
2654
1610
385
9337
3599
5606
2859
784
5297
1980
7014
8790
9020
1844
7952
5777
3782
6056
3616
2653
8208
623
3474
9316
2096
2622
704
4487
9936
2556
6638
1732
5258
5417
190
2014
920
443
6813
3185
2553
3312
9447
2535
7523
8706
